Inverse


1  4  3.0  0  1    << job_type, mesh_type, flux_type, singular_type, res_matrix

333  77    << numnp_x, numnp_y

-963.612 -600.804 -374.653 -233.685 -145.815 -91.043 -56.901 -35.620 -22.354 -14.085 -8.931 -5.718 -3.716 -2.467 -1.689 -1.204 -0.401 0.401 1.204 2.007 2.809 3.612 4.415 5.217 6.020 6.823 7.625 8.428 9.231 10.033 10.836 11.639 12.441 13.244 14.047 14.849 15.652 16.455 17.258 18.060 18.863 19.666 20.468 21.271 22.074 22.876 23.679 24.482 25.284 26.087 26.890 27.692 28.495 29.298 30.100 30.903 31.706 32.508 33.311 34.114 34.916 35.719 36.522 37.324 38.127 38.930 39.732 40.535 41.338 42.140 42.943 43.746 44.548 45.351 46.154 46.957 47.759 48.562 49.365 50.167 50.970 51.773 52.575 53.378 54.181 54.983 55.786 56.589 57.391 58.194 58.997 59.799 60.602 61.405 62.207 63.010 63.813 64.615 65.418 66.221 67.023 67.826 68.629 69.431 70.234 71.037 71.839 72.642 73.445 74.247 75.050 75.853 76.656 77.458 78.261 79.064 79.866 80.669 81.472 82.274 83.077 83.880 84.682 85.485 86.288 87.090 87.893 88.696 89.498 90.301 91.104 91.906 92.709 93.512 94.314 95.117 95.920 96.722 97.525 98.328 99.130 99.933 100.736 101.538 102.341 103.144 103.946 104.749 105.552 106.355 107.157 107.960 108.763 109.565 110.368 111.171 111.973 112.776 113.579 114.381 115.184 115.987 116.789 117.592 118.395 119.197 120.000 120.803 121.605 122.408 123.211 124.013 124.816 125.619 126.421 127.224 128.027 128.829 129.632 130.435 131.237 132.040 132.843 133.645 134.448 135.251 136.054 136.856 137.659 138.462 139.264 140.067 140.870 141.672 142.475 143.278 144.080 144.883 145.686 146.488 147.291 148.094 148.896 149.699 150.502 151.304 152.107 152.910 153.712 154.515 155.318 156.120 156.923 157.726 158.528 159.331 160.134 160.936 161.739 162.542 163.344 164.147 164.950 165.753 166.555 167.358 168.161 168.963 169.766 170.569 171.371 172.174 172.977 173.779 174.582 175.385 176.187 176.990 177.793 178.595 179.398 180.201 181.003 181.806 182.609 183.411 184.214 185.017 185.819 186.622 187.425 188.227 189.030 189.833 190.635 191.438 192.241 193.043 193.846 194.649 195.452 196.254 197.057 197.860 198.662 199.465 200.268 201.070 201.873 202.676 203.478 204.281 205.084 205.886 206.689 207.492 208.294 209.097 209.900 210.702 211.505 212.308 213.110 213.913 214.716 215.518 216.321 217.124 217.926 218.729 219.532 220.334 221.137 221.940 222.742 223.545 224.348 225.151 225.953 226.756 227.559 228.361 229.164 229.967 230.769 231.572 232.375 233.177 233.980 234.783 235.585 236.388 237.191 237.993 238.796 239.599 240.401 241.204 241.689 242.467 243.716 245.718 248.931 254.085 262.354 275.620 296.901 331.043 385.815 473.685 614.653 840.804 1203.612     << xx

0.000 0.000 0.000 0.000 0.000 0.000 0.000 0.000 0.000 0.000 0.000 0.000 0.000 0.000 0.000 0.000 0.000 0.000 0.000 0.000 0.000 0.000 0.000 0.000 0.000 0.000 0.000 0.000 0.000 0.000 0.000 0.000 0.000 0.000 0.000 0.000 0.000 0.000 0.000 0.000 0.000 0.000 0.000 0.000 0.000 0.000 0.000 0.000 0.000 0.000 0.000 0.000 0.000 0.000 0.000 0.000 0.000 0.000 0.000 0.000 0.000 0.000 0.000 0.000 0.000 0.000 0.000 0.000 0.000 0.000 0.000 0.000 0.000 0.000 0.000 0.000 0.000 0.000 0.000 0.000 0.000 0.000 0.000 0.000 0.000 0.000 0.000 0.000 0.000 0.000 0.000 0.000 0.000 0.000 0.000 0.000 0.000 0.000 0.000 0.000 0.000 0.000 0.000 0.000 0.000 0.000 0.000 0.000 0.000 0.000 0.000 0.000 0.000 0.000 0.000 0.000 0.000 0.000 0.000 0.000 0.000 0.000 0.000 0.000 0.000 0.000 0.000 0.000 0.000 0.000 0.000 0.000 0.000 0.000 0.000 0.000 0.000 0.000 0.000 0.000 0.000 0.000 0.000 0.000 0.000 0.000 0.000 0.000 0.000 0.000 0.000 0.000 0.000 0.000 0.000 0.000 0.000 0.000 0.000 0.000 0.000 0.000 0.000 0.000 0.000 0.000 0.000 0.000 0.000 0.000 0.000 0.000 0.000 0.000 0.000 0.000 0.000 0.000 0.000 0.000 0.000 0.000 0.000 0.000 0.000 0.000 0.000 0.000 0.000 0.000 0.000 0.000 0.000 0.000 0.000 0.000 0.000 0.000 0.000 0.000 0.000 0.000 0.000 0.000 0.000 0.000 0.000 0.000 0.000 0.000 0.000 0.000 0.000 0.000 0.000 0.000 0.000 0.000 0.000 0.000 0.000 0.000 0.000 0.000 0.000 0.000 0.000 0.000 0.000 0.000 0.000 0.000 0.000 0.000 0.000 0.000 0.000 0.000 0.000 0.000 0.000 0.000 0.000 0.000 0.000 0.000 0.000 0.000 0.000 0.000 0.000 0.000 0.000 0.000 0.000 0.000 0.000 0.000 0.000 0.000 0.000 0.000 0.000 0.000 0.000 0.000 0.000 0.000 0.000 0.000 0.000 0.000 0.000 0.000 0.000 0.000 0.000 0.000 0.000 0.000 0.000 0.000 0.000 0.000 0.000 0.000 0.000 0.000 0.000 0.000 0.000 0.000 0.000 0.000 0.000 0.000 0.000 0.000 0.000 0.000 0.000 0.000 0.000 0.000 0.000 0.000 0.000 0.000 0.000 0.000 0.000 0.000 0.000 0.000 0.000 0.000 0.000 0.000 0.000 0.000 0.000 0.000 0.000 0.000 0.000 0.000 0.000 0.000 0.000 0.000 0.000 0.000 0.000     << 

-0.069 0.069 0.209 0.353 0.501 0.654 0.810 0.971 1.136 1.305 1.480 1.659 1.843 2.032 2.227 2.427 2.632 2.843 3.060 3.283 3.512 3.747 3.989 4.238 4.493 4.756 5.026 5.303 5.588 5.880 6.181 6.491 6.808 7.135 7.470 7.815 8.170 8.534 8.908 9.293 9.688 10.094 10.512 10.941 11.381 11.834 12.300 12.778 13.270 13.775 14.295 14.828 15.376 15.940 16.519 17.114 17.726 18.354 19.000 19.664 20.336 21.009 21.368 21.917 22.760 24.051 26.031 29.067 33.719 40.852 51.785 68.546 94.240 133.627 194.005 286.562 428.447     << yy


1    << num_regions    << elem_1, elem_2, value
    1  25232  1.588231e+02


1  1    << patch_size_x, patch_size_y
1    << inverse_type
1  0    << data_type, reg_mode
1  5  2  1.066667e+01    << tolerance, max_iterations, error_mod, alpha_aniso
0.010000  0.020000  0.000000  1000.000000   << a_wgt, b_wgt, rho_min, rho_max


5    << num_xy_poly    << x_poly, y_poly
  -0.401    -0.069
 240.401    -0.069
 240.401    20.336
  -0.401    20.336
  -0.401    -0.069


151    << num_electrodes    << j, column, row
  1   17    1
  2   19    1
  3   21    1
  4   23    1
  5   25    1
  6   27    1
  7   29    1
  8   31    1
  9   33    1
 10   35    1
 11   37    1
 12   39    1
 13   41    1
 14   43    1
 15   45    1
 16   47    1
 17   49    1
 18   51    1
 19   53    1
 20   55    1
 21   57    1
 22   59    1
 23   61    1
 24   63    1
 25   65    1
 26   67    1
 27   69    1
 28   71    1
 29   73    1
 30   75    1
 31   77    1
 32   79    1
 33   81    1
 34   83    1
 35   85    1
 36   87    1
 37   89    1
 38   91    1
 39   93    1
 40   95    1
 41   97    1
 42   99    1
 43  101    1
 44  103    1
 45  105    1
 46  107    1
 47  109    1
 48  111    1
 49  113    1
 50  115    1
 51  117    1
 52  119    1
 53  121    1
 54  123    1
 55  125    1
 56  127    1
 57  129    1
 58  131    1
 59  133    1
 60  135    1
 61  137    1
 62  139    1
 63  141    1
 64  143    1
 65  145    1
 66  147    1
 67  149    1
 68  151    1
 69  153    1
 70  155    1
 71  157    1
 72  159    1
 73  161    1
 74  163    1
 75  165    1
 76  167    1
 77  169    1
 78  171    1
 79  173    1
 80  175    1
 81  177    1
 82  179    1
 83  181    1
 84  183    1
 85  185    1
 86  187    1
 87  189    1
 88  191    1
 89  193    1
 90  195    1
 91  197    1
 92  199    1
 93  201    1
 94  203    1
 95  205    1
 96  207    1
 97  209    1
 98  211    1
 99  213    1
100  215    1
101  217    1
102  219    1
103  221    1
104  223    1
105  225    1
106  227    1
107  229    1
108  231    1
109  233    1
110  235    1
111  237    1
112  239    1
113  241    1
114  243    1
115  245    1
116  247    1
117  249    1
118  251    1
119  253    1
120  255    1
121  257    1
122  259    1
123  261    1
124  263    1
125  265    1
126  267    1
127  269    1
128  271    1
129  273    1
130  275    1
131  277    1
132  279    1
133  281    1
134  283    1
135  285    1
136  287    1
137  289    1
138  291    1
139  293    1
140  295    1
141  297    1
142  299    1
143  301    1
144  303    1
145  305    1
146  307    1
147  309    1
148  311    1
149  313    1
150  315    1
151  317    1


