Inverse


1  4  3.0  0  1    << job_type, mesh_type, flux_type, singular_type, res_matrix

233  32    << numnp_x, numnp_y

-965.427 -618.490 -396.306 -254.017 -162.893 -104.536 -67.163 -43.229 -27.901 -18.085 -11.799 -7.773 -5.195 -3.544 -2.486 -1.809 -0.603 0.603 1.809 3.015 4.221 5.427 6.633 7.839 9.045 10.251 11.457 12.663 13.869 15.075 16.281 17.487 18.693 19.899 21.106 22.312 23.518 24.724 25.930 27.136 28.342 29.548 30.754 31.960 33.166 34.372 35.578 36.784 37.990 39.196 40.402 41.608 42.814 44.020 45.226 46.432 47.638 48.844 50.050 51.256 52.462 53.668 54.874 56.080 57.286 58.492 59.698 60.905 62.111 63.317 64.523 65.729 66.935 68.141 69.347 70.553 71.759 72.965 74.171 75.377 76.583 77.789 78.995 80.201 81.407 82.613 83.819 85.025 86.231 87.437 88.643 89.849 91.055 92.261 93.467 94.673 95.879 97.085 98.291 99.497 100.704 101.910 103.116 104.322 105.528 106.734 107.940 109.146 110.352 111.558 112.764 113.970 115.176 116.382 117.588 118.794 120.000 121.206 122.412 123.618 124.824 126.030 127.236 128.442 129.648 130.854 132.060 133.266 134.472 135.678 136.884 138.090 139.296 140.503 141.709 142.915 144.121 145.327 146.533 147.739 148.945 150.151 151.357 152.563 153.769 154.975 156.181 157.387 158.593 159.799 161.005 162.211 163.417 164.623 165.829 167.035 168.241 169.447 170.653 171.859 173.065 174.271 175.477 176.683 177.889 179.095 180.302 181.508 182.714 183.920 185.126 186.332 187.538 188.744 189.950 191.156 192.362 193.568 194.774 195.980 197.186 198.392 199.598 200.804 202.010 203.216 204.422 205.628 206.834 208.040 209.246 210.452 211.658 212.864 214.070 215.276 216.482 217.688 218.894 220.101 221.307 222.513 223.719 224.925 226.131 227.337 228.543 229.749 230.955 232.161 233.367 234.573 235.779 236.985 238.191 239.397 240.603 241.809 242.486 243.544 245.195 247.773 251.799 258.085 267.901 283.229 307.163 344.536 402.893 494.017 636.306 858.490 1205.427     << xx

0.000 0.000 0.000 0.000 0.000 0.000 0.000 0.000 0.000 0.000 0.000 0.000 0.000 0.000 0.000 0.000 0.000 0.000 0.000 0.000 0.000 0.000 0.000 0.000 0.000 0.000 0.000 0.000 0.000 0.000 0.000 0.000 0.000 0.000 0.000 0.000 0.000 0.000 0.000 0.000 0.000 0.000 0.000 0.000 0.000 0.000 0.000 0.000 0.000 0.000 0.000 0.000 0.000 0.000 0.000 0.000 0.000 0.000 0.000 0.000 0.000 0.000 0.000 0.000 0.000 0.000 0.000 0.000 0.000 0.000 0.000 0.000 0.000 0.000 0.000 0.000 0.000 0.000 0.000 0.000 0.000 0.000 0.000 0.000 0.000 0.000 0.000 0.000 0.000 0.000 0.000 0.000 0.000 0.000 0.000 0.000 0.000 0.000 0.000 0.000 0.000 0.000 0.000 0.000 0.000 0.000 0.000 0.000 0.000 0.000 0.000 0.000 0.000 0.000 0.000 0.000 0.000 0.000 0.000 0.000 0.000 0.000 0.000 0.000 0.000 0.000 0.000 0.000 0.000 0.000 0.000 0.000 0.000 0.000 0.000 0.000 0.000 0.000 0.000 0.000 0.000 0.000 0.000 0.000 0.000 0.000 0.000 0.000 0.000 0.000 0.000 0.000 0.000 0.000 0.000 0.000 0.000 0.000 0.000 0.000 0.000 0.000 0.000 0.000 0.000 0.000 0.000 0.000 0.000 0.000 0.000 0.000 0.000 0.000 0.000 0.000 0.000 0.000 0.000 0.000 0.000 0.000 0.000 0.000 0.000 0.000 0.000 0.000 0.000 0.000 0.000 0.000 0.000 0.000 0.000 0.000 0.000 0.000 0.000 0.000 0.000 0.000 0.000 0.000 0.000 0.000 0.000 0.000 0.000 0.000 0.000 0.000 0.000 0.000 0.000 0.000 0.000 0.000 0.000 0.000 0.000 0.000 0.000 0.000 0.000 0.000 0.000 0.000 0.000 0.000 0.000 0.000 0.000     << 

-0.305 0.305 0.951 1.676 2.489 3.401 4.425 5.573 6.861 8.306 9.928 11.746 13.786 16.075 18.643 21.357 24.072 25.165 26.697 28.845 31.858 36.083 42.009 50.318 61.972 78.314 101.232 133.371 178.443 241.650 330.291 454.598     << yy


1    << num_regions    << elem_1, elem_2, value
    1   7192  8.726129e+01


1  1    << patch_size_x, patch_size_y
1    << inverse_type
1  0    << data_type, reg_mode
10  10  2  1    << tolerance, max_iterations, error_mod, alpha_aniso
0.000001  0.000001  0.000000  1000.000000   << a_wgt, b_wgt, rho_min, rho_max


5    << num_xy_poly    << x_poly, y_poly
  -0.603    -0.305
 240.603    -0.305
 240.603    21.357
  -0.603    21.357
  -0.603    -0.305


101    << num_electrodes    << j, column, row
  1   17    1
  2   19    1
  3   21    1
  4   23    1
  5   25    1
  6   27    1
  7   29    1
  8   31    1
  9   33    1
 10   35    1
 11   37    1
 12   39    1
 13   41    1
 14   43    1
 15   45    1
 16   47    1
 17   49    1
 18   51    1
 19   53    1
 20   55    1
 21   57    1
 22   59    1
 23   61    1
 24   63    1
 25   65    1
 26   67    1
 27   69    1
 28   71    1
 29   73    1
 30   75    1
 31   77    1
 32   79    1
 33   81    1
 34   83    1
 35   85    1
 36   87    1
 37   89    1
 38   91    1
 39   93    1
 40   95    1
 41   97    1
 42   99    1
 43  101    1
 44  103    1
 45  105    1
 46  107    1
 47  109    1
 48  111    1
 49  113    1
 50  115    1
 51  117    1
 52  119    1
 53  121    1
 54  123    1
 55  125    1
 56  127    1
 57  129    1
 58  131    1
 59  133    1
 60  135    1
 61  137    1
 62  139    1
 63  141    1
 64  143    1
 65  145    1
 66  147    1
 67  149    1
 68  151    1
 69  153    1
 70  155    1
 71  157    1
 72  159    1
 73  161    1
 74  163    1
 75  165    1
 76  167    1
 77  169    1
 78  171    1
 79  173    1
 80  175    1
 81  177    1
 82  179    1
 83  181    1
 84  183    1
 85  185    1
 86  187    1
 87  189    1
 88  191    1
 89  193    1
 90  195    1
 91  197    1
 92  199    1
 93  201    1
 94  203    1
 95  205    1
 96  207    1
 97  209    1
 98  211    1
 99  213    1
100  215    1
101  217    1


